0 0.4746307882401396 0.6997371879106439 0.35544505311308616 0.16600963644327635
2 0.7911518924129982 0.8883048620236531 0.07362359334430636 0.1252737625930793
3 0.7652025931195131 0.6399474375821288 0.11345275039942294 0.12001752080595708
4 0.8925352232379304 0.6259307935659293 0.1412124659226862 0.18134034165571614
4 0.0482815380580991 0.7971966710468681 0.08932141119708609 0.4056066579062637
1 0.18989828652696983 0.9128790982301256 0.13604943835577063 0.1948209786388437
1 0.3068655326495734 0.27201051154674966 0.18043815090121013 0.1953569864213754
4 0.06909755276986136 0.27420061102667065 0.09595206017823539 0.39509417873509456
4 0.9181827645357563 0.11366622864651774 0.12853955231423997 0.18265440210249673
0 0.6248953353117159 0.17367498904949627 0.12129788739512776 0.1590013140604468
3 0.7941692527959616 0.12768287341217696 0.10621108548031089 0.13534822601839686
2 0.8164977196298905 0.4056066579062637 0.05551943104652622 0.1603153745072273
