4 0.9023211482976847 0.13339406429587636 0.15752620353129557 0.19658072633076515
2 0.7710493120216051 0.23268739035070163 0.04974511690461966 0.1504444334164019
3 0.7206132907155323 0.2833370162675568 0.045599690495901374 0.28985627504893424
0 0.37516108998900677 0.27932516470978624 0.5817415060234691 0.3841347866565462
1 0.0962829887020208 0.4299368990873596 0.11054470423248834 0.16247998808971575
4 0.9117790232660186 0.6428992121327574 0.17644195346796296 0.190562948994109
2 0.7675947900143405 0.7211303175092865 0.04283607289008791 0.1484385076375163
3 0.7233769083213446 0.7948480898833233 0.0566541609191502 0.22767257590348805
0 0.5858869324321874 0.7111006886148595 0.1243627922615493 0.27481183170729406
1 0.39744082317353197 0.8254959205346054 0.10583803836880223 0.15947109942138857
